HEADER	
'time'	'pressure drop'
UNITS	
'hour'	'bar'
0.017	0.02246
0.033	0.02425
0.05	0.02926
0.066	0.0453
0.083	0.06023
0.1	0.0688
0.117	0.07269
0.133	0.07635
0.15	0.07851
0.167	0.08063
0.183	0.08216
0.2	0.0834
0.216	0.08496
0.233	0.08546
0.25	0.0676
0.267	0.08481
0.283	0.08616
0.3	0.0877
0.317	0.08887
0.333	0.08946
0.35	0.09053
0.366	0.09196
0.383	0.09252
0.4	0.09331
0.417	0.09369
0.433	0.09445
0.45	0.09496
0.467	0.09583
0.483	0.09635
0.5	0.09685
0.516	0.09731
0.533	0.09818
0.55	0.09842
0.567	0.09933
0.583	0.09989
0.6	0.10058
0.617	0.10086
0.633	0.10139
0.65	0.10191
0.666	0.10255
0.683	0.10281
0.7	0.10351
0.717	0.10425
0.733	0.10434
0.75	0.10478
0.767	0.10513
0.783	0.10546
0.8	0.09952
0.816	0.10243
0.833	0.10441
0.85	0.10497
0.867	0.10558
0.883	0.10638
0.9	0.10685
0.917	0.10732
0.933	0.10749
0.95	0.10786
0.966	0.1085
0.983	0.10868
1	0.10898
1.017	0.10958
1.033	0.10923
1.05	0.10957
1.067	0.10982
1.083	0.1101
1.1	0.11056
1.116	0.11105
1.133	0.11144
1.15	0.11199
1.167	0.11188
1.183	0.11175
1.2	0.11254
1.217	0.11305
1.233	0.11297
1.25	0.11366
1.266	0.11318
1.283	0.11336
1.3	0.1141
1.317	0.11415
1.333	0.11471
1.35	0.10585
1.367	0.10897
1.383	0.11055
1.4	0.11214
1.416	0.11366
1.433	0.11448
1.45	0.11456
1.467	0.11483
1.483	0.1155
1.5	0.11578
1.517	0.11584
1.533	0.11603
1.55	0.11655
1.566	0.11713
1.583	0.11724
1.6	0.11702
1.617	0.11723
1.633	0.11772
1.65	0.11846
1.667	0.11799
1.683	0.11866
1.7	0.11841
1.716	0.11888
1.733	0.11871
1.75	0.11909
1.767	0.11946
1.783	0.11967
1.8	0.11968
1.817	0.1203
1.833	0.12
1.85	0.12009
1.866	0.12049
1.883	0.1054
1.9	0.1132
1.917	0.11596
1.933	0.11767
1.95	0.11822
1.967	0.11935
1.983	0.12026
2	0.12055
2.016	0.12088
2.033	0.12132
2.05	0.12088
2.067	0.12171
2.083	0.12166
2.1	0.1217
2.117	0.12182
2.133	0.12201
2.15	0.12184
2.166	0.122
2.183	0.12306
2.2	0.12303
2.217	0.12292
2.233	0.12349
2.25	0.12272
2.267	0.12311
2.283	0.12323
2.3	0.12309
2.316	0.12337
2.333	0.12393
2.35	0.12399
2.367	0.12428
2.383	0.12422
2.4	0.12448
2.417	0.1254
2.433	0.12511
2.45	0.11568
2.466	0.1178
2.483	0.11882
2.5	0.12094
2.517	0.12276
2.533	0.12388
2.55	0.12452
2.567	0.12408
2.583	0.12534
2.6	0.12561
2.616	0.12609
2.633	0.1265
2.65	0.12618
2.667	0.12601
2.683	0.12499
2.7	0.12532
2.717	0.12579
2.733	0.12589
2.75	0.12591
2.766	0.12782
2.783	0.12624
2.8	0.12546
2.817	0.12618
2.833	0.12632
2.85	0.12701
2.867	0.12796
2.883	0.12689
2.9	0.12625
2.916	0.12658
2.933	0.12634
2.95	0.12764
2.967	0.12767
2.983	0.1172
3	0.11776
3.017	0.1192
3.033	0.11965
3.05	0.12334
3.066	0.12172
3.083	0.12286
3.1	0.12237
3.117	0.1245
3.133	0.12339
3.15	0.12382
3.167	0.12625
3.183	0.12534
3.2	0.12549
3.216	0.12456
3.233	0.12474
3.25	0.12416
3.267	0.12411
3.283	0.12475
3.3	0.12482
3.317	0.12507
3.333	0.12449
3.35	0.12545
3.366	0.12463
3.383	0.12574
3.4	0.12481
3.417	0.12481
3.433	0.12626
3.45	0.12488
3.467	0.12503
3.483	0.12498
3.5	0.12556
3.516	0.12501
3.533	0.11643
3.55	0.11664
3.567	0.11851
3.583	0.11934
3.6	0.11947
3.617	0.11912
3.633	0.11934
3.65	0.12063
3.666	0.1199
3.683	0.1206
3.7	0.11972
3.717	0.11994
3.733	0.12025
3.75	0.1208
3.767	0.12063
3.783	0.1221
3.8	0.12068
3.816	0.12179
3.833	0.12166
3.85	0.12184
3.867	0.12125
3.883	0.12174
3.9	0.12131
3.917	0.12125
3.934	0.12285
3.95	0.12154
3.967	0.12265
3.984	0.12199
4	0.12164
4.017	0.12204
4.033	0.12198
4.05	0.12252
4.067	0.11691
4.084	0.11716
4.1	0.11721
4.117	0.11843
4.134	0.11719
4.15	0.11818
4.167	0.11817
4.183	0.11825
4.2	0.11884
4.217	0.11931
4.234	0.11984
4.25	0.12006
4.267	0.11954
4.284	0.12084
4.3	0.12073
4.317	0.1201
4.333	0.1209
4.35	0.12016
4.367	0.12117
4.384	0.12004
4.4	0.12075
4.417	0.1202
4.434	0.12019
4.45	0.12006
4.467	0.12087
4.483	0.12129
4.5	0.12103
4.517	0.12093
4.534	0.1212
4.55	0.12087
4.567	0.12113
4.584	0.12076
4.6	0.12119
4.617	0.12107
4.633	0.12163
4.65	0.11442
4.667	0.11618
4.684	0.11679
4.7	0.116
4.717	0.11644
4.734	0.11684
4.75	0.1167
4.767	0.11623
4.783	0.11717
4.8	0.11697
4.817	0.11694
4.834	0.11678
4.85	0.11771
4.867	0.11771
4.884	0.11737
4.9	0.11808
4.917	0.11745
4.933	0.1177
4.95	0.11707
4.967	0.11761
4.984	0.1176
5	0.11696
5.017	0.11736
5.034	0.11784
5.05	0.11835
5.067	0.11778
5.083	0.11746
5.1	0.11783
5.117	0.11749
5.134	0.11755
5.15	0.11788
5.167	0.1174
5.184	0.11606
5.2	0.11545
5.217	0.11488
5.233	0.11557
5.25	0.11553
5.267	0.11588
5.284	0.11567
5.3	0.11567
5.317	0.11572
5.334	0.11511
5.35	0.11752
5.367	0.1178
5.383	0.11713
5.4	0.1173
5.417	0.11759
5.434	0.11744
5.45	0.117
5.467	0.11759
5.484	0.11745
5.5	0.11764
5.517	0.11825
5.533	0.11788
5.55	0.11795
5.567	0.11741
5.584	0.11747
5.6	0.11771
5.617	0.11787
5.634	0.11814
5.65	0.11831
5.667	0.11846
5.683	0.1182
5.7	0.1178
5.717	0.11798
5.734	0.1179
5.75	0.11901
5.767	0.11625
5.784	0.1157
5.8	0.11552
5.817	0.11565
5.833	0.11575
5.85	0.11508
5.867	0.11545
5.884	0.11599
5.9	0.11571
5.917	0.11527
5.934	0.115
5.95	0.11573
5.967	0.11535
5.983	0.11545
6	0.11516
6.017	0.11551
6.034	0.11535
6.05	0.11471
6.067	0.11552
6.084	0.11521
6.1	0.11534
6.117	0.11539
6.133	0.11483
6.15	0.11515
6.167	0.11609
6.184	0.11525
6.2	0.11485
6.217	0.1155
6.234	0.11539
6.25	0.11499
6.267	0.11476
6.283	0.11503
6.3	0.11546
6.317	0.11274
6.334	0.11358
6.35	0.11352
6.367	0.1137
6.384	0.11336
6.4	0.11319
6.417	0.11399
6.433	0.11389
6.45	0.1136
6.467	0.11295
6.484	0.11326
6.5	0.11375
6.517	0.11353
6.534	0.11394
6.55	0.11324
6.567	0.11316
6.583	0.11268
6.6	0.1127
6.617	0.11332
6.634	0.11275
6.65	0.1142
6.667	0.11288
6.684	0.11309
6.7	0.11371
6.717	0.11322
6.733	0.11316
6.75	0.1133
6.767	0.11316
6.784	0.11368
6.8	0.11299
6.816	0.11331
6.833	0.11255
6.85	0.11275
6.867	0.11294
6.883	0.11263
6.9	0.11263
6.917	0.11329
6.933	0.11246
6.95	0.11307
6.966	0.11295
6.983	0.11249
7	0.11223
7.017	0.11213
7.033	0.1127
7.05	0.11283
7.067	0.11328
7.083	0.11219
7.1	0.11255
7.116	0.11215
7.133	0.11207
7.15	0.11196
7.167	0.11266
7.183	0.11212
7.2	0.11228
7.217	0.11277
7.233	0.11242
7.25	0.11226
7.266	0.11241
7.283	0.11232
7.3	0.11256
7.317	0.11299
7.333	0.11234
7.35	0.11207
7.367	0.11228
7.383	0.10709
7.4	0.11182
7.416	0.11213
7.433	0.11253
7.45	0.11246
7.467	0.1125
7.483	0.11271
7.5	0.11279
7.517	0.11393
7.533	0.11272
7.55	0.11251
7.566	0.11272
7.583	0.11329
7.6	0.11338
7.617	0.11302
7.633	0.11293
7.65	0.1133
7.667	0.11376
7.683	0.11259
7.7	0.1128
7.716	0.11281
7.733	0.1136
7.75	0.11271
7.767	0.11226
7.783	0.11251
7.8	0.11315
7.817	0.11301
7.833	0.11289
7.85	0.11283
7.866	0.11285
7.883	0.11255
7.9	0.11301
7.917	0.11353
7.933	0.11059
7.95	0.11056
7.967	0.11093
7.983	0.11039
8	0.11018
8.016	0.1099
8.033	0.10966
8.05	0.11054
8.067	0.10939
8.083	0.10888
8.1	0.10939
8.117	0.10997
8.133	0.11003
8.15	0.10984
8.166	0.10944
8.183	0.10915
8.2	0.10953
8.217	0.10982
8.233	0.10925
8.25	0.10954
8.267	0.10938
8.283	0.10957
8.3	0.10966
8.316	0.1095
8.333	0.11038
8.35	0.10937
8.367	0.10957
8.383	0.10973
8.4	0.10902
8.417	0.10958
8.433	0.11056
8.45	0.10889
8.466	0.11595
8.483	0.10957
8.5	0.11017
8.517	0.11015
8.533	0.11136
8.55	0.1109
8.567	0.11138
8.583	0.11055
8.6	0.11036
8.616	0.11016
8.633	0.11202
8.65	0.11177
8.667	0.11065
8.683	0.11055
8.7	0.11067
8.717	0.11108
8.733	0.11026
8.75	0.11096
8.766	0.1105
8.783	0.11058
8.8	0.11065
8.817	0.1112
8.833	0.11067
8.85	0.11104
8.867	0.11095
8.883	0.11066
8.9	0.11078
8.916	0.1104
8.933	0.11171
8.95	0.11067
8.967	0.11035
8.983	0.10996
9	0.11342
9.017	0.11051
9.033	0.11021
9.05	0.10987
9.066	0.11071
9.083	0.11041
9.1	0.11063
9.117	0.11106
9.133	0.11034
9.15	0.11024
9.167	0.10986
9.183	0.1095
9.2	0.11027
9.216	0.1096
9.233	0.11045
9.25	0.11053
9.267	0.10934
9.283	0.11049
9.3	0.10972
9.317	0.10955
9.333	0.10964
9.35	0.10967
9.366	0.11015
9.383	0.1101
9.4	0.10982
9.417	0.10913
9.433	0.11038
9.45	0.10953
9.467	0.11052
9.483	0.11045
9.5	0.10953
9.516	0.10943
9.55	0.10863
9.567	0.10914
9.583	0.11046
9.6	0.11048
9.617	0.11012
9.633	0.10962
9.65	0.10999
9.666	0.10967
9.683	0.11062
9.7	0.10998
9.717	0.10933
9.733	0.10949
9.75	0.10982
9.767	0.10974
9.783	0.10983
9.8	0.10943
9.816	0.10962
9.833	0.10991
9.85	0.11018
9.867	0.11025
9.883	0.10973
9.9	0.10982
9.917	0.10945
9.933	0.10957
9.95	0.1091
9.966	0.11065
9.983	0.10978
10	0.10974
10.017	0.10955
10.033	0.11025
10.05	0.1094
10.067	0.10981
10.084	0.11069
10.1	0.10971
10.117	0.11049
10.134	0.11115
10.15	0.11043
10.167	0.11048
10.183	0.11101
10.2	0.11074
10.217	0.11105
10.234	0.11063
10.25	0.11053
10.267	0.11051
10.284	0.11112
10.3	0.11103
10.317	0.10989
10.333	0.10995
10.35	0.11071
10.367	0.11021
10.384	0.1099
10.4	0.11014
10.417	0.11003
10.434	0.1099
10.45	0.11071
10.467	0.11041
10.483	0.10987
10.5	0.11086
10.517	0.11008
10.534	0.1102
10.55	0.1097
10.567	0.11111
10.584	0.1094
10.6	0.11032
10.617	--
10.633	0.10938
10.65	0.11013
10.667	0.11002
10.684	0.11048
10.7	0.11
10.717	0.10991
10.734	0.10974
10.75	0.10978
10.767	0.10955
10.783	0.11012
10.8	0.11053
10.817	0.10953
10.834	0.10974
10.85	0.11011
10.867	0.11055
10.884	0.11057
10.9	0.10955
10.917	0.10964
10.933	0.11035
10.95	0.11137
10.967	0.11082
10.984	0.11034
11	0.10947
11.017	0.10964
11.034	0.11093
11.05	0.1106
11.067	0.10981
11.083	0.10947
11.1	0.11052
11.117	0.10977
11.134	0.10978
11.15	0.11019
11.167	0.10966
11.184	0.10936
11.2	0.10904
11.217	0.1084
11.233	0.10876
11.25	0.10856
11.267	0.10848
11.284	0.1083
11.3	0.10852
11.317	0.10873
11.334	0.10789
11.35	0.10881
11.367	0.1087
11.383	0.10795
11.4	0.10784
11.417	0.10829
11.434	0.10811
11.45	0.10854
11.467	0.1078
11.484	0.10879
11.5	0.1085
11.517	0.10823
11.533	0.10852
11.55	0.10822
11.567	0.10796
11.584	0.10921
11.6	0.10839
11.617	0.10858
11.634	0.10852
11.65	0.10827
11.667	0.1085
11.683	0.10805
11.7	0.11621
11.717	0.1105
11.734	0.10949
11.75	0.10963
11.767	0.10936
11.784	0.10985
11.8	0.11035
11.817	0.10992
11.833	0.11092
11.85	0.1101
11.867	0.11109
11.884	0.11078
11.9	0.11033
11.917	0.10965
11.934	0.1099
11.95	0.11025
11.967	0.10998
11.983	0.11017
12	0.10994
12.017	0.10926
12.034	0.11039
12.05	0.10969
12.067	0.1088
12.084	0.10965
12.1	0.10855
12.117	0.10898
12.133	0.10881
12.15	0.10863
12.167	0.10917
12.183	0.10903
12.2	0.10864
12.216	0.10872
12.233	0.10985
12.25	0.10819
12.267	0.10796
12.283	0.10804
12.3	0.10921
12.317	0.10803
12.333	0.10822
12.35	0.10851
12.366	0.10888
12.383	0.10837
12.4	0.10793
12.417	0.10771
12.433	0.10797
12.45	0.1077
12.467	0.10762
12.483	0.10805
12.5	0.10792
12.516	0.10763
12.533	0.10887
12.55	0.10768
12.567	0.10761
12.583	0.10814
12.6	0.10726
12.617	0.10733
12.633	0.1071
12.65	0.10796
12.666	0.10784
12.683	0.10769
12.7	0.10754
12.717	0.10803
12.733	0.10861
12.75	0.10896
12.767	0.10855
12.783	0.10885
12.8	0.10918
12.816	0.10851
12.833	0.10832
12.85	0.10908
12.867	0.10773
12.883	0.10823
12.9	0.10771
12.917	0.10865
12.933	0.10857
12.95	0.10834
12.966	0.10846
12.983	0.10788
13	0.10763
13.017	0.10882
13.033	0.10935
13.05	0.10767
13.067	0.10733
13.083	0.10759
13.1	0.10755
13.116	0.10805
13.133	0.10811
13.15	0.10731
13.167	0.10816
13.183	0.10775
13.2	0.10847
13.217	0.1086
13.233	0.10739
13.25	0.10809
13.266	0.10761
13.283	0.10776
13.3	0.10854
13.317	0.10965
13.333	0.10928
13.35	0.1095
13.367	0.10812
13.383	0.10915
13.4	0.10842
13.416	0.1091
13.433	0.10942
13.45	0.10906
13.467	0.10943
13.483	0.10871
13.5	0.1092
13.517	0.1094
13.533	0.10871
13.55	0.10825
13.566	0.10935
13.583	0.109
13.6	0.10912
13.617	0.10861
13.633	0.10878
13.65	0.10861
13.667	0.10878
13.683	0.10859
13.7	0.10922
13.716	0.10936
13.733	0.10977
13.75	0.10968
13.767	0.10978
13.783	0.10834
13.8	0.10881
13.817	0.10941
13.833	0.10837
13.85	0.11151
13.866	0.10821
13.883	0.10883
13.9	0.10832
13.917	0.10887
13.933	0.10866
13.95	0.10894
13.967	0.10912
13.983	0.10962
14	0.10869
14.016	0.10892
14.033	0.10953
14.05	0.10951
14.067	0.1101
14.083	0.11011
14.1	0.10935
14.117	0.10957
14.133	0.10908
14.15	0.10942
14.166	0.10887
14.183	0.10878
14.2	0.10883
14.217	0.10845
14.233	0.10898
14.25	0.10923
14.267	0.10888
14.283	0.10895
14.3	0.10958
14.316	0.10795
14.333	0.10942
14.35	0.10855
14.367	0.10833
14.383	0.10818
14.4	0.10907
14.417	0.10913
14.433	0.10842
14.45	0.10947
14.466	0.10922
14.483	0.10835
14.5	0.10807
14.517	0.10939
14.533	0.10844
14.55	0.10846
14.567	0.1084
14.583	0.10845
14.6	0.10898
14.616	0.10924
14.633	0.10858
14.65	0.10819
14.667	0.10874
14.683	0.10944
14.7	0.10842
14.717	0.10854
14.733	0.1088
14.75	0.10873
14.766	0.10933
14.783	0.10895
14.8	0.10828
14.817	0.10863
14.833	0.10971
14.85	0.10789
14.867	0.10837
14.883	0.10892
14.9	0.1089
14.916	0.10813
14.933	0.11638
14.95	0.1097
14.967	0.10927
14.983	0.10908
15	0.10859
15.017	0.10855
15.033	0.1082
15.05	0.10893
15.066	0.10835
15.083	0.10861
15.1	0.10891
15.117	0.10864
15.133	0.10866
15.15	0.10996
15.167	0.10879
15.183	0.10838
15.2	0.10858
15.216	0.10872
15.233	0.10841
15.25	0.10824
15.267	0.10869
15.283	0.10808
15.3	0.10883
15.317	0.10837
15.333	0.10949
15.35	0.10885
15.366	0.10842
15.383	0.10819
15.4	0.10889
15.417	0.10875
15.433	0.10892
15.45	0.1089
15.467	0.11078
15.483	0.10867
15.5	0.10937
15.516	0.1085
15.533	0.10892
15.55	0.1084
15.567	0.10919
15.583	0.10919
15.6	0.10939
15.617	0.10828
15.633	0.10899
15.65	0.10915
15.666	0.1079
15.683	0.1075
15.7	0.10873
15.717	0.1086
15.733	0.10766
15.75	0.1075
15.767	0.10849
15.783	0.10867
15.8	0.10797
15.816	0.10788
15.833	0.10754
15.85	0.10781
15.867	0.10728
15.883	0.10809
15.9	0.10797
15.917	0.10804
15.933	0.10756
15.95	0.10816
15.966	0.10788
15.983	0.10733
16	0.10892
16.017	0.10608
16.033	0.1067
16.05	0.10748
16.067	0.10726
16.083	0.10749
16.1	0.10717
16.116	0.10706
16.133	0.10696
16.15	0.10638
16.167	0.10752
16.183	0.10641
16.2	0.10685
16.217	0.10631
16.233	0.10605
16.25	0.10631
16.267	0.10684
16.284	0.1068
16.3	0.10654
16.317	0.10676
16.333	0.10786
16.35	0.10703
16.367	0.10715
16.384	0.10648
16.4	0.10723
16.417	0.10766
16.434	0.1072
16.45	0.10668
16.467	0.10714
16.483	0.10725
16.5	0.10636
16.517	0.10724
16.534	0.10755
16.55	0.10823
16.567	0.10699
16.584	0.10677
16.6	0.10681
16.617	0.10688
16.633	0.10695
16.65	0.10654
16.667	0.10771
16.684	0.10643
16.7	0.10697
16.717	0.10747
16.734	0.10663
16.75	0.10757
16.767	0.10742
16.783	0.10714
16.8	0.10589
16.817	0.10707
16.834	0.10703
16.85	0.10688
16.867	0.10759
16.884	0.10704
16.9	0.10668
16.917	0.10667
16.933	0.10709
16.95	0.10667
16.967	0.10674
16.984	0.10677
17	0.1066
17.017	0.10607
17.034	0.10715
17.05	0.10582
17.067	0.10648
17.083	--
17.1	0.10763
17.117	0.10722
17.134	0.10735
17.15	0.10798
17.167	0.10796
17.184	0.10727
17.2	0.10693
17.217	0.1073
17.233	0.10768
17.25	0.10768
17.267	0.10759
17.284	0.10797
17.3	0.10725
17.317	0.10786
17.334	0.10792
17.35	0.10723
17.367	0.10752
17.383	0.10774
17.4	0.1078
17.417	0.10742
17.434	0.1073
17.45	0.10777
17.467	0.10773
17.484	0.1079
17.5	0.10786
17.517	0.10774
17.533	0.10721
17.55	0.10815
17.567	0.10753
17.584	0.10742
17.6	0.10809
17.617	0.10772
17.634	0.10692
17.65	0.10819
17.667	0.10708
17.683	0.10754
17.7	0.10811
17.717	0.10751
17.734	0.10708
17.75	0.10665
17.767	0.10748
17.784	0.1073
17.8	0.10686
17.817	0.10809
17.833	0.1077
17.85	0.1072
17.867	0.10766
17.884	0.10709
17.9	0.10763
17.917	0.10693
17.934	0.10726
17.95	0.10747
17.967	0.1074
17.983	0.10766
18	0.10752
18.017	0.10841
18.034	0.10702
18.05	0.10672
18.067	0.10702
18.084	0.10706
18.1	0.10756
18.117	0.10734
18.133	0.10766
18.15	0.10806
18.167	0.10769
18.184	0.10711
18.2	0.10756
18.217	0.10678
18.234	0.10806
18.25	0.10722
18.267	0.10749
18.283	0.10771
18.3	0.10729
18.317	0.10727
18.334	0.10754
18.35	0.10711
18.367	0.10738
18.384	0.10827
18.4	0.1076
18.417	0.10808
18.433	0.10713
18.45	0.10731
18.467	0.10812
18.484	0.10743
18.5	0.10778
18.517	0.10732
18.534	0.10727
18.55	0.10806
18.567	0.10768
18.583	0.10736
18.6	0.10815
18.617	0.10844
18.634	0.10737
18.65	0.10702
18.666	0.10685
18.683	0.10696
18.7	0.1086
18.717	0.10867
18.733	0.10754
18.75	0.10738
18.767	0.10741
18.783	0.10725
18.8	0.10793
18.816	0.10753
18.833	0.10705
18.85	0.10764
18.867	0.10725
18.883	0.10701
18.9	0.1063
18.917	0.10679
18.933	0.10694
18.95	0.10715
18.966	0.10662
18.983	0.10681
19	0.1069
19.017	0.1067
19.033	0.1077
19.05	0.10657
19.067	0.10696
19.083	0.10616
19.1	0.106
19.116	0.10601
19.133	0.10618
19.15	0.10678
19.167	0.10775
19.183	0.10651
19.2	0.10685
19.217	0.10735
19.233	0.10681
19.25	0.10791
19.266	0.10569
19.283	0.10559
19.3	0.10667
19.317	0.10509
19.333	0.10486
19.35	0.10525
19.367	0.10547
19.383	0.10505
19.4	0.10507
19.416	0.10509
19.433	0.10481
19.45	0.10461
19.467	0.10435
19.483	0.10471
19.5	0.10508
19.517	0.10529
19.533	0.10461
19.55	0.10422
19.566	0.10484
19.583	0.10456
19.6	0.10487
19.617	0.10436
19.633	0.10438
19.65	0.10404
19.667	0.105
19.683	0.10437
19.7	0.10443
19.716	0.10451
19.733	0.10434
19.75	0.10419
19.767	0.10473
19.783	0.10708
19.8	0.10605
19.817	0.10575
19.833	0.10607
19.85	0.10616
19.866	0.10562
19.883	0.10686
19.9	0.10536
19.917	0.10579
19.933	0.10589
19.95	0.10537
19.967	0.10529
19.983	0.10601
20	0.1053
