HEADER	
'time'	'pressure drop'
UNITS	
'hour'	'bar'
0	0.02941
0.017	0.03084
0.033	0.03098
0.05	0.04259
0.067	0.06843
0.083	0.05773
0.1	0.06872
0.117	0.06926
0.133	0.06763
0.15	0.06812
0.167	0.06984
0.183	0.0706
0.2	0.07101
0.217	0.07281
0.233	0.0722
0.25	0.0729
0.267	0.07235
0.283	0.07387
0.3	0.07325
0.317	0.07461
0.333	0.07469
0.35	0.07415
0.367	0.07436
0.383	0.07513
0.4	0.07601
0.417	0.07517
0.433	0.07579
0.45	0.07704
0.467	0.07606
0.483	0.07617
0.5	0.06229
0.517	0.06817
0.533	0.0751
0.55	0.08313
0.567	0.06912
0.583	0.07512
0.6	0.0723
0.617	0.09438
0.633	0.06375
0.65	0.07337
0.667	0.0765
0.683	0.07482
0.7	0.07593
0.717	0.07615
0.733	0.07633
0.75	0.0767
0.767	0.07614
0.783	0.07685
0.8	0.07599
0.817	0.07558
0.833	0.07708
0.85	0.07524
0.867	0.0761
0.883	0.07918
0.9	0.07321
0.917	0.07486
0.933	0.07807
0.95	0.07823
0.967	0.07374
0.983	0.07556
1	0.07623
1.017	0.07636
1.033	0.07685
1.05	0.07724
1.067	0.06294
1.083	0.06536
1.1	0.07306
1.117	0.07823
1.133	0.06061
1.15	0.07011
1.167	0.07511
1.183	0.07364
1.2	0.07081
1.217	0.07132
1.233	0.07637
1.25	0.07552
1.267	0.07405
1.283	0.07468
1.3	0.07548
1.317	0.07446
1.333	0.073
1.35	0.07541
1.367	0.07722
1.383	0.07635
1.4	0.07415
1.417	0.07404
1.433	0.07445
1.45	0.07716
1.467	0.07664
1.483	0.07289
1.5	0.07195
1.517	0.07557
1.533	0.07496
1.55	0.07278
1.567	0.07062
1.583	0.07083
1.6	0.07179
1.617	0.07279
1.633	0.07359
1.65	0.07316
1.667	0.0736
1.683	0.06978
1.7	0.06608
1.717	0.06463
1.733	0.06354
1.75	0.06395
1.767	0.06299
1.783	0.06381
1.8	0.06962
1.817	0.06739
1.833	0.06701
1.85	0.0678
1.867	0.07393
1.883	0.07059
1.9	0.07192
1.917	0.06368
1.933	0.07327
1.95	0.07796
1.967	0.06508
1.983	0.0655
2	0.07203
2.017	0.07722
2.033	0.06894
2.05	0.06467
2.067	0.06927
2.083	0.0755
2.1	0.07101
2.117	0.06973
2.133	0.06917
2.15	0.06838
2.167	0.07002
2.183	0.07103
2.2	0.07141
2.217	0.06946
2.233	0.06783
2.25	0.06859
2.267	0.06992
2.283	0.07122
2.3	0.07066
2.317	0.06769
2.333	0.06722
2.35	0.06847
2.367	0.06912
2.383	0.07052
2.4	0.06847
2.417	0.06692
2.433	0.06675
2.45	0.06964
2.467	0.06968
2.483	0.06896
2.5	0.06755
2.517	0.06873
2.533	0.07082
2.55	0.06916
2.567	0.06688
2.583	0.06589
2.6	0.06547
2.617	0.0686
2.633	0.0677
2.65	0.06818
2.667	0.06909
2.683	0.06773
2.7	0.06672
2.717	0.06661
2.733	0.06965
2.75	0.06953
2.767	0.06825
2.783	0.06689
2.8	0.06691
2.817	0.0685
2.833	0.06843
2.85	0.06767
2.867	0.06462
2.883	0.06509
2.9	0.06825
2.917	0.06847
2.933	0.06793
2.95	0.06616
2.967	0.06614
2.983	0.06538
3	0.07116
3.017	0.06925
3.033	0.06473
3.05	0.06589
3.067	0.06663
3.083	0.06855
3.1	0.06898
3.117	0.06836
3.133	0.0671
3.15	0.06679
3.167	0.06678
3.183	0.06837
3.2	0.06798
3.217	0.06698
3.233	0.0665
3.25	0.06389
3.267	0.06291
3.283	0.06414
3.3	0.0835
3.317	0.07147
3.333	0.05767
3.35	0.0562
3.367	0.0647
3.383	0.07237
3.4	0.05575
3.417	0.05952
3.433	0.06799
3.45	0.05875
3.467	0.06924
3.483	0.07068
3.5	0.04953
3.517	0.06108
3.533	0.06503
3.55	0.06092
3.567	0.08055
3.583	0.05735
3.6	0.05422
3.617	0.06454
3.633	0.06638
3.65	0.05792
3.667	0.05381
3.683	0.0617
3.7	0.0583
3.717	0.06807
3.733	0.05828
3.75	0.05871
3.767	0.06782
3.783	0.06353
3.8	0.06241
3.817	0.06304
3.833	0.05762
3.85	0.05035
3.867	0.06529
3.883	0.06034
3.9	0.06251
3.917	0.07198
3.933	0.06048
3.95	0.05965
3.967	0.05775
3.983	0.06515
4	0.0599
4.017	0.06105
4.033	0.06152
4.05	0.07009
4.067	0.05926
4.083	0.06643
4.1	0.05766
4.117	0.06709
4.133	0.06044
4.15	0.05944
4.167	0.06323
4.183	0.06427
4.2	0.06215
4.217	0.06113
4.233	0.0619
4.25	0.06148
4.267	0.06319
4.283	0.06296
4.3	0.06346
4.317	0.06187
4.333	0.06298
4.35	0.06385
4.367	0.06352
4.383	0.06278
4.4	0.06161
4.417	0.05995
4.433	0.06218
4.45	0.06377
4.467	0.06363
4.483	0.05516
4.5	0.06133
4.517	0.06834
4.533	0.0622
4.55	0.06071
4.567	0.0608
4.583	0.06254
4.6	0.06249
4.617	0.0629
4.633	0.06326
4.65	0.06401
4.667	0.06076
4.683	--
4.7	0.05804
4.717	0.06302
4.733	0.06913
4.75	0.05799
4.767	0.06012
4.783	0.05816
4.8	0.06879
4.817	0.04539
4.833	0.06307
4.85	0.06212
4.867	0.05936
4.883	0.06025
4.9	0.06128
4.917	0.05626
4.933	0.06041
4.95	0.06499
4.967	0.05662
4.983	0.06116
5	0.0588
5.017	0.05717
5.033	0.05967
5.05	0.0664
5.067	0.06882
5.083	0.0598
5.1	0.05522
5.117	0.06057
5.133	0.06193
5.15	0.06049
5.167	0.06296
5.183	0.05776
5.2	--
5.217	0.05811
5.233	0.07353
5.25	0.05185
5.267	0.05841
5.283	0.0647
5.3	0.05915
5.317	0.06159
5.333	0.0618
5.35	0.05819
5.367	0.059
5.383	0.06002
5.4	0.06474
5.417	0.06072
5.433	0.05604
5.45	0.05869
5.467	0.06105
5.483	0.06202
5.5	0.06114
5.517	0.06014
5.533	0.06213
5.55	0.06286
5.567	0.06083
5.583	0.06029
5.6	0.06203
5.617	0.06193
5.633	0.06162
5.65	0.06205
5.667	0.06071
5.683	0.05945
5.7	0.06137
5.717	0.06257
5.733	0.05818
5.75	0.06318
5.767	0.06249
5.783	0.05992
5.8	0.05156
5.817	0.06138
5.833	0.06756
5.85	0.058
5.867	0.06371
5.883	0.05607
5.9	0.07283
5.917	0.0587
5.933	0.05593
5.95	0.06143
5.967	0.06122
5.983	0.06199
6	0.05933
6.017	0.06244
6.033	0.06072
6.05	0.06137
6.067	0.0629
6.083	0.06122
6.1	0.05998
6.117	0.06091
6.133	0.06173
6.15	0.06094
6.167	0.06093
6.183	0.06028
6.2	0.05969
6.217	0.06252
6.233	0.06101
6.25	0.06149
6.267	0.06209
6.283	0.06438
6.3	0.06061
6.317	0.06089
6.333	0.07877
6.35	0.05938
6.367	0.05532
6.383	0.06149
6.4	0.06309
6.417	0.06051
6.433	0.0613
6.45	0.06131
6.467	0.06111
6.483	0.06063
6.5	0.06118
6.517	0.06167
6.533	0.06088
6.55	0.06016
6.567	0.06146
6.583	0.06194
6.6	0.06275
6.617	0.06114
6.633	0.06168
6.65	0.06214
6.667	0.06149
6.683	0.05998
6.7	0.06122
6.717	0.06158
6.733	0.06141
6.75	0.06172
6.767	0.06223
6.783	0.06147
6.8	0.0615
6.817	0.06264
6.833	0.06279
6.85	0.06119
6.867	0.06167
6.883	0.06101
6.9	0.06219
6.917	0.06243
6.933	0.05751
6.95	0.06049
6.967	0.06064
6.983	0.06261
7	0.06671
7.017	0.05689
7.033	0.06875
7.05	0.06139
7.067	0.05339
7.083	0.05952
7.1	0.05937
7.117	0.06051
7.133	0.06191
7.15	0.0603
7.167	0.06023
7.183	0.05843
7.2	0.05994
7.217	0.06235
7.233	0.06118
7.25	0.05857
7.267	0.05967
7.283	0.06291
7.3	0.06045
7.317	0.05977
7.333	0.05927
7.35	0.06216
7.367	0.06049
7.383	0.0615
7.4	0.06026
7.417	0.06116
7.433	0.05991
7.45	0.0545
7.467	0.075
7.483	0.05981
7.5	0.05799
7.517	0.06542
7.533	0.06409
7.55	0.06106
7.567	0.06142
7.583	0.06319
7.6	0.06155
7.617	0.05876
7.633	0.06118
7.65	0.06338
7.667	0.06348
7.683	0.0626
7.7	0.06255
7.717	0.06206
7.733	0.06351
7.75	0.06377
7.767	0.06176
7.783	0.06338
7.8	0.06257
7.817	0.05979
7.833	0.06265
7.85	0.0629
7.867	0.06404
7.883	0.0634
7.9	0.06031
7.917	0.06339
7.933	0.06193
7.95	0.06258
7.967	0.05917
7.983	0.06047
8	0.06198
8.017	0.06358
8.033	0.06167
8.05	0.06199
8.067	0.05659
8.083	0.0638
8.1	0.06135
8.117	0.06406
8.133	0.0584
8.15	0.07358
8.167	0.0574
8.183	0.05712
8.2	0.06497
8.217	0.06448
8.233	0.06127
8.25	0.0619
8.267	0.06451
8.283	0.06301
8.3	0.06252
8.317	0.06363
8.333	0.06327
8.35	0.05858
8.367	0.06164
8.383	0.06305
8.4	0.06337
8.417	0.06423
8.433	0.06237
8.45	0.06154
8.467	0.06114
8.483	0.0601
8.5	0.06154
8.517	0.06323
8.533	0.06192
8.55	0.0619
8.567	0.05561
8.583	0.05979
8.6	0.07329
8.617	0.05586
8.633	0.06271
8.65	0.06336
8.667	0.06079
8.683	0.05853
8.7	0.06094
8.717	0.06327
8.733	0.06343
8.75	0.06192
8.767	0.06125
8.783	0.06112
8.8	0.06301
8.817	0.06252
8.833	0.06275
8.85	0.06168
8.867	0.06473
8.883	0.06171
8.9	0.06207
8.917	0.06087
8.933	0.05819
8.95	0.0637
8.967	0.06114
8.983	0.06272
9	0.06257
9.017	0.06407
9.033	0.05935
9.05	0.06084
9.067	0.06149
9.083	0.06383
9.1	0.06271
9.117	0.06389
9.133	0.06162
9.15	0.05865
9.167	0.06363
9.183	0.06365
9.2	0.05879
9.217	0.06082
9.233	0.06556
9.25	0.05961
9.267	0.06057
9.283	0.06311
9.3	0.06582
9.317	0.05491
9.333	0.05472
9.35	0.06085
9.367	0.06241
9.383	0.06371
9.4	0.06404
9.417	0.06084
9.433	0.06082
9.45	0.06419
9.467	0.06402
9.483	0.05956
9.5	0.0637
9.517	0.0629
9.533	0.06171
9.55	0.06202
9.567	0.06159
9.583	0.06147
9.6	0.06009
9.617	0.05726
9.633	0.05918
9.65	0.06277
9.667	0.06384
9.683	0.06184
9.7	0.05455
9.717	0.06712
9.733	0.06403
9.75	0.06086
9.767	0.06516
9.783	0.06128
9.8	0.06103
9.817	0.06085
9.833	0.05706
9.85	0.06371
9.867	0.06159
9.883	0.0664
9.9	0.0614
9.917	0.05995
9.933	0.06474
9.95	0.05833
9.967	0.06367
9.983	0.05747
